Model 1 (cv2.inpaint):
two methods
INPAINT_TELEA:
L1: 0.16702050495892762
L2: 0.07810472981771455
PSNR: 18.345438998193885

INPAINT_NS:
L1: 0.17313355661928653
L2: 0.08230802172794938
PSNR: 18.067213283778187

Model 2:
L1: 0.05796287
L2: 0.16461767
PSNR: 19.658725902962498

Model 3:
